835
43 27
468 659
63 21
26 54
138 202
796 110
27 309
393 194
510 691
209 28
556 207
253 827
140 6
34 303
787 480
256 290
12 9
556 780
2 454
361 282
76 286
756 553
11 233
236 598
270 368
521 344
159 185
63 189
1 90
150 351
378 54
192 571
653 163
642 417
681 62
330 745
67 502
629 572
136 107
102 273
310 412
470 573
315 39
312 730
492 301
102 65
295 379
202 438
152 108
73 281
252 230
459 451
352 217
329 277
448 442
263 439
48 341
87 109
566 751
456 660
49 71
269 280
242 783
2 178
322 413
306 220
592 705
314 123
427 126
358 13
220 142
533 263
433 626
146 114
701 85
681 764
74 348
275 293
272 370
516 820
234 651
239 471
453 323
567 609
4 10
340 40
295 481
437 238
613 545
735 808
633 455
802 441
679 620
17 321
78 218
149 21
62 353
12 292
235 3
490 303
531 487
590 317
123 63
392 707
812 589
562 339
98 74
214 199
584 721
227 46
648 29
138 809
55 403
275 670
35 519
144 161
85 376
104 49
38 449
103 452
7 421
549 570
307 260
105 12
281 610
2 703
486 149
654 447
592 512
126 631
285 320
103 435
623 333
687 810
139 374
46 354
485 347
115 223
123 649
185 197
257 247
517 262
377 27
100 328
136 173
328 530
158 22
76 401
319 193
2 1
515 761
574 384
336 663
826 529
236 218
395 16
148 66
132 356
628 260
345 446
708 350
179 43
338 404
64 18
99 16
39 37
206 114
195 417
667 215
128 182
241 177
818 227
20 1
55 192
2 3
669 317
29 704
15 35
201 345
495 145
709 346
271 65
44 46
675 146
390 213
3 713
803 249
518 614
62 108
17 4
671 479
515 505
106 201
804 97
122 324
458 503
15 262
120 41
154 21
22 18
27 25
688 735
110 56
368 507
788 304
113 117
163 245
645 205
291 123
3 59
595 149
715 347
42 14
37 107
238 82
359 474
94 24
27 40
380 25
215 606
69 85
151 297
9 21
176 23
335 224
172 132
673 375
270 551
80 87
322 249
313 487
207 398
768 456
147 282
78 163
300 344
59 160
59 122
419 720
31 265
258 566
410 353
811 301
313 277
225 28
743 5
214 825
483 360
196 212
193 237
215 221
12 23
323 50
128 23
343 249
111 460
47 415
710 291
84 526
190 32
310 596
740 258
207 152
116 279
121 457
643 442
453 822
538 767
37 74
162 156
41 27
526 685
5 6
91 283
499 90
265 577
467 254
287 95
198 388
133 331
164 676
7 15
558 677
100 46
256 115
28 373
350 191
762 341
167 641
597 360
305 30
205 97
110 538
380 757
450 265
728 126
784 530
351 369
51 722
253 193
646 306
572 192
61 126
195 176
154 565
251 73
118 132
2 24
723 543
555 222
80 116
96 655
699 428
741 177
755 388
229 126
62 119
217 381
694 324
520 427
616 377
423 288
256 546
77 589
64 523
813 771
194 418
86 31
189 246
576 6
785 374
389 77
239 107
99 509
22 55
26 363
565 611
333 278
210 160
434 332
57 359
580 672
39 79
6 78
729 28
102 295
29 20
120 135
27 624
296 90
575 312
436 593
304 604
758 169
801 544
32 68
228 647
104 773
750 754
230 90
34 14
95 447
431 498
290 470
824 181
344 612
311 557
116 254
770 121
278 160
9 156
6 406
539 402
45 1
472 175
110 261
30 29
225 799
334 118
444 52
361 828
137 658
85 217
540 151
501 109
105 165
115 2
153 78
173 312
208 747
327 74
225 419
92 14
791 728
85 347
11 618
32 716
34 249
26 332
749 364
583 535
331 396
817 207
19 61
92 151
93 42
101 12
684 98
177 19
258 200
560 280
508 781
7 491
644 58
285 195
4 82
752 326
383 329
19 32
506 241
170 123
635 59
245 408
513 525
299 308
269 124
96 518
473 211
567 797
815 231
444 510
686 477
364 245
259 298
11 311
337 549
204 211
74 180
635 829
717 548
733 338
511 678
26 33
7 493
313 436
172 409
28 53
491 605
57 80
481 582
541 304
3 47
23 732
199 365
793 17
31 21
336 355
97 56
776 247
293 683
284 366
118 12
464 578
83 275
200 54
484 632
599 650
16 134
753 131
621 23
60 168
184 4
274 15
106 260
363 579
94 674
652 405
302 228
655 666
1 4
137 51
603 489
28 4
38 70
765 85
201 213
689 604
225 552
599 181
26 11
75 88
499 615
87 680
352 513
329 477
40 411
559 126
496 795
682 341
486 535
606 719
430 135
424 468
59 130
241 779
832 725
155 117
1 89
584 110
413 792
14 44
147 75
237 464
182 563
140 248
410 638
48 277
214 522
76 433
175 9
377 711
113 637
511 403
247 161
148 174
131 548
40 542
706 777
16 139
261 270
227 425
337 121
194 362
347 739
625 74
324 330
529 561
2 8
608 314
697 446
6 19
131 90
75 188
458 11
391 11
451 157
96 718
831 538
508 32
291 301
283 532
51 2
171 226
107 294
122 300
113 288
687 383
85 441
411 443
7 1
387 291
440 112
602 404
5 9
374 738
507 763
54 798
75 203
118 830
299 179
32 121
69 96
75 231
62 35
215 195
56 47
385 568
789 514
3 5
28 424
543 242
289 69
259 431
24 52
73 167
626 742
166 123
475 338
17 342
9 13
121 586
157 497
116 157
265 696
212 264
156 304
144 89
642 724
326 186
420 226
396 800
14 5
361 442
230 634
544 288
434 750
501 601
226 263
34 60
17 18
419 547
456 558
88 243
132 232
118 746
299 316
260 338
563 700
68 234
63 194
189 191
19 38
630 390
778 615
70 75
318 164
744 557
725 540
196 57
39 771
19 456
164 142
429 219
357 186
112 98
382 100
714 418
57 26
58 496
494 252
114 11
397 163
350 469
405 145
139 414
64 814
286 455
407 243
23 91
259 665
516 71
46 65
404 759
304 317
36 512
159 111
484 476
135 476
244 108
461 300
426 26
171 479
73 394
524 375
821 682
402 244
661 358
153 695
83 702
386 2
48 7
121 790
40 267
73 64
153 385
25 550
622 248
554 543
537 580
529 203
58 19
690 332
6 138
500 203
70 399
698 1
588 835
150 131
138 255
138 198
619 482
536 186
356 367
432 136
43 69
36 49
465 169
245 588
585 503
794 474
76 81
489 712
692 606
185 662
120 478
737 693
4 37
79 349
253 422
736 416
83 1
346 587
169 134
665 668
245 594
489 228
15 171
726 295
240 128
95 31
103 13
77 65
50 336
445 295
32 183
20 84
475 664
44 143
591 171
127 21
115 193
760 189
201 428
319 466
19 25
68 204
360 90
22 216
